V-9340582|617141|10/01/25|1093|1191.0675|0.525|1488.837|238.21392|1|16.0|
V-9340582|617141|10/01/25|2683|1941.14505|0.915|2523.5883|403.774128|1|16.0|
V-9340582|617141|10/01/25|2686|1502.4192|1.36|1953.2184|312.514944|1|16.0|
V-9340582|617141|10/01/25|7595826005412|327.64|1.0|455.06|72.8096|1|16.0|
V-9340582|617141|10/01/25|8435564904990|254.98|1.0|364.25|58.28|1|16.0|
V-9340582|617141|10/01/25|8436006917844|254.84|2.0|364.06|58.2496|1|16.0|
V-9340582|617141|10/01/25|9457|1197.96465|0.615|1597.2903|255.566448|1|16.0|
V-10145809|617144|10/01/25|1021|38.4|0.48|49.92|0.0|0|0.0|
V-10145809|617144|10/01/25|1069|32.4648|1.08|42.2064|0.0|0|0.0|
V-10145809|617144|10/01/25|1111|100.5067|0.67|130.6634|0.0|0|0.0|
V-10145809|617144|10/01/25|1243|120.53145|0.565|150.6629|0.0|0|0.0|
V-10145809|617144|10/01/25|1274|33.021|0.9|41.283|0.0|0|0.0|
V-10145809|617144|10/01/25|1366|17.27955|0.645|20.36265|0.0|0|0.0|
V-10145809|617144|10/01/25|1461|201.6534|0.78|237.939|0.0|0|0.0|
V-10145809|617144|10/01/25|1502|17.1342|0.54|22.275|0.0|0|0.0|
V-10145809|617144|10/01/25|1526|30.9343|0.29|38.6686|0.0|0|0.0|
V-10145809|617144|10/01/25|1786|68.04955|0.865|83.01405|0.0|0|0.0|
V-10145809|617144|10/01/25|1886|44.64|0.72|53.1432|0.0|0|0.0|
V-10145809|617144|10/01/25|1892|84.5495|1.45|99.499|0.0|0|0.0|
V-10145809|617144|10/01/25|2227|342.515|0.5|359.635|57.5416|1|16.0|
V-10145809|617144|10/01/25|2331|1016.4|2.64|1199.4312|0.0|0|0.0|
V-10145809|617144|10/01/25|2334|437.53215|1.415|516.26275|0.0|0|0.0|
V-10145809|617144|10/01/25|2533|252.4641|1.61|290.3635|0.0|0|0.0|
V-10145809|617144|10/01/25|2633|142.56735|0.395|178.2082|0.0|0|0.0|
V-10145809|617144|10/01/25|3804|61.5|0.24|85.416|0.0|0|0.0|
V-10145809|617144|10/01/25|6519|62.434|0.155|77.7604|12.441664|1|16.0|
V-10145809|617144|10/01/25|7500435019958|161.17|1.0|223.84|35.8144|1|16.0|
V-10145809|617144|10/01/25|7509546660073|211.8|1.0|294.16|47.0656|1|16.0|
V-10145809|617144|10/01/25|7590006200144|219.57|1.0|274.46|0.0|0|0.0|
V-10145809|617144|10/01/25|7591002000011|52.2|1.0|57.61|0.0|0|0.0|
V-10145809|617144|10/01/25|7591014025927|81.7|1.0|113.47|18.1552|1|16.0|
V-10145809|617144|10/01/25|7591031012290|153.59|1.0|213.32|34.1312|1|16.0|
V-10145809|617144|10/01/25|7591049220472|72.88|1.0|91.82|0.0|0|0.0|
V-10145809|617144|10/01/25|7591072001598|104.98|1.0|145.8|23.328|1|16.0|
V-10145809|617144|10/01/25|7591082007153|54.98|1.0|71.47|11.4352|1|16.0|
V-10145809|617144|10/01/25|7591112049016|42.4|1.0|58.89|9.4224|1|16.0|
V-10145809|617144|10/01/25|7591151111040|53.86|1.0|66.5|0.0|0|0.0|
V-10145809|617144|10/01/25|7591159110120|66.24|1.0|88.32|0.0|0|0.0|
V-10145809|617144|10/01/25|7591159110427|68.6|1.0|91.47|0.0|0|0.0|
V-10145809|617144|10/01/25|7591159110922|63.79|1.0|85.17|0.0|0|0.0|
V-10145809|617144|10/01/25|7591159210622|68.75|1.0|91.67|0.0|0|0.0|
V-10145809|617144|10/01/25|7591159411029|55.64|1.0|74.19|0.0|0|0.0|
V-10145809|617144|10/01/25|7591210000193|85.86|1.0|105.47|0.0|0|0.0|
V-10145809|617144|10/01/25|7591221118405|162.26|1.0|225.36|36.0576|1|16.0|
V-10145809|617144|10/01/25|7591473003559|54.24|1.0|72.32|0.0|0|0.0|
V-10145809|617144|10/01/25|7591473005249|80.9|1.0|99.88|0.0|0|0.0|
V-10145809|617144|10/01/25|7591828000264|153.7|1.0|204.93|32.7888|1|16.0|
V-10145809|617144|10/01/25|7593239000413|165.12|1.0|220.16|0.0|0|0.0|
V-10145809|617144|10/01/25|7595826006747|63.8|1.0|88.61|14.1776|1|16.0|
V-10145809|617144|10/01/25|7595826006754|63.8|1.0|88.61|14.1776|1|16.0|
V-10145809|617144|10/01/25|7596475000018|98.05|1.0|127.47|20.3952|1|16.0|
V-10145809|617144|10/01/25|7596540000455|87.98|1.0|106.0|0.0|0|0.0|
V-10145809|617144|10/01/25|7599646000022|119.25|1.0|159.0|25.44|1|16.0|
V-10145809|617144|10/01/25|7702018880409|59.15|1.0|84.5|13.52|1|16.0|
V-10145809|617144|10/01/25|7708872634851|45.64|1.0|63.39|10.1424|1|16.0|
V-10145809|617144|10/01/25|7790|181.6416|0.28|236.1436|37.782976|1|16.0|
V-10145809|617144|10/01/25|7851|154.8596|0.28|196.0252|0.0|0|0.0|
V-10145809|617144|10/01/25|7891000240205|52.8|1.0|73.34|11.7344|1|16.0|
V-10145809|617144|10/01/25|7891000244036|52.8|1.0|73.34|11.7344|1|16.0|
V-10145809|617144|10/01/25|793969860838|134.09|1.0|153.44|0.0|0|0.0|
V-10145809|617144|10/01/25|9888|6.42|6.0|7.2|1.152|1|16.0|
J-40278434-1|782884|10/01/25|7591049193035|290.56|2.0|357.74|0.0|0|0.0|
J-40278434-1|782884|10/01/25|7591128000094|140.46|2.0|175.62|0.0|0|0.0|
V-9246877|899305|10/01/25|7591127904409|2048.64|48.0|2845.44|455.2704|1|16.0|
V-9246877|899305|10/01/25|8000428000837|8133.36|12.0|10573.8|1691.808|1|16.0|
J-50140835-1|5732244|10/01/25|3804|497.125|1.94|690.446|0.0|0|0.0|
J-50140835-1|5732244|10/01/25|7593965000275|2758.65|15.0|3586.35|573.816|1|16.0|
