J-29502302-2|617115|09/01/25|719503030123|5584.68|36.0|6871.68|0.0|0|0.0|
J-29502302-2|617115|09/01/25|7590006200656|4755.24|42.0|5729.22|0.0|0|0.0|
J-29502302-2|617115|09/01/25|7591049001903|5230.08|36.0|6439.32|0.0|0|0.0|
J-29502302-2|617115|09/01/25|7591128000094|2738.97|39.0|3424.59|0.0|0|0.0|
J-29502302-2|617115|09/01/25|7591151000290|1817.04|3.0|2523.66|403.7856|1|16.0|
J-29502302-2|617115|09/01/25|7591184002018|213.18|3.0|284.25|0.0|0|0.0|
J-29502302-2|617115|09/01/25|7591473005003|2062.8|36.0|2546.64|0.0|0|0.0|
J-29502302-2|617115|09/01/25|7591473005362|2145.2|40.0|2584.4|0.0|0|0.0|
J-29502302-2|617115|09/01/25|7591597000519|8549.1|42.0|10300.08|0.0|0|0.0|
J-29502302-2|617115|09/01/25|7597417000707|1770.12|36.0|2301.48|0.0|0|0.0|
J-29502302-2|617115|09/01/25|7597417000868|2514.15|37.0|3103.93|0.0|0|0.0|
J-29502302-2|617115|09/01/25|991324|11192.22|39.0|13649.22|0.0|0|0.0|
J-29502302-2|617119|09/01/25|7591002000011|4176.0|80.0|4608.8|0.0|0|0.0|
J-40236813-5|899246|09/01/25|1321|80.93575|0.175|112.4095|17.98552|1|16.0|
J-40236813-5|899246|09/01/25|1358|0.28347|0.003|0.39372|0.0|0|0.0|
J-40236813-5|899246|09/01/25|1373|135.18825|1.725|168.981|0.0|0|0.0|
J-40236813-5|899246|09/01/25|1540|62.08|1.94|80.704|0.0|0|0.0|
J-40236813-5|899246|09/01/25|1656|93.2547|0.605|129.5184|0.0|0|0.0|
J-40236813-5|899246|09/01/25|1883|56.0416|0.32|77.8368|0.0|0|0.0|
J-40236813-5|899246|09/01/25|3506|272.6039|1.07|378.6195|0.0|0|0.0|
J-40236813-5|899246|09/01/25|7590000055481|113.47|1.0|147.52|0.0|0|0.0|
J-40236813-5|899246|09/01/25|7590000064544|106.0|1.0|141.33|0.0|0|0.0|
J-40236813-5|899246|09/01/25|7590000064681|106.0|1.0|141.33|0.0|0|0.0|
J-40236813-5|899246|09/01/25|7590000065169|272.6|5.0|389.45|62.312|1|16.0|
J-40236813-5|899246|09/01/25|7591039601533|182.89|1.0|243.84|39.0144|1|16.0|
J-40236813-5|899246|09/01/25|7592835000018|255.69|3.0|365.28|58.4448|1|16.0|
J-40236813-5|899246|09/01/25|7702007043402|338.8|1.0|470.49|75.2784|1|16.0|
J-40236813-5|899246|09/01/25|770852148562|176.39|1.0|229.32|0.0|0|0.0|
J-40236813-5|899246|09/01/25|8005121218107|792.48|2.0|1219.2|195.072|1|16.0|
J-40236813-5|899246|09/01/25|9888|6.42|6.0|7.2|1.152|1|16.0|
V-20092399-1|1511252|09/01/25|3089|47586.0|123.6|52733.94|0.0|0|0.0|
V-20092399-1|1511252|09/01/25|7501035911031|74.8|1.0|97.24|15.5584|1|16.0|
V-20092399-1|1511252|09/01/25|7509546680217|149.59|1.0|207.77|33.2432|1|16.0|
V-20092399-1|1511252|09/01/25|7591082000307|107.32|2.0|143.06|22.8896|1|16.0|
V-20092399-1|1511252|09/01/25|7591221110614|268.4|4.0|372.8|59.648|1|16.0|
V-20092399-1|1511252|09/01/25|7591221611159|204.6|4.0|284.12|45.4592|1|16.0|
V-20092399-1|1511252|09/01/25|99176922346|158.4|3.0|218.79|35.0064|1|16.0|
