PISO|0|30/04/24|123132131231|109.11|2.0|134.7|21.552|1|16.0|
PISO|0|30/04/24|7591002000012|258.52|5.62|336.076|0.0|0|0.0|
PISO|0|30/04/24|1021|459.6|7|597.48|0.0|0|0.0|
PISO|0|30/04/24|1033|146.12045|2|189.9639|30.394224|1|16.0|
PISO|0|30/04/24|1038|47.04|0.98|61.152|0.0|0|0.0|
PISO|0|30/04/24|1048|493.791|2.85|567.834|0.0|0|0.0|
PISO|0|30/04/24|1050|452.52|4.19|588.3179|0.0|0|0.0|
PISO|0|30/04/24|1054|401.1057|1.745|484.3073|0.0|0|0.0|
PISO|0|30/04/24|1057|1400.7854|5.495|1715.15435|0.0|0|0.0|
PISO|0|30/04/24|1061|1672.2985|6.035|2090.4033|334.464528|1|16.0|
PISO|0|30/04/24|1069|306.3554|12.22|398.1276|0.0|0|0.0|
PISO|0|30/04/24|1076|285.0|4.56|370.5|0.0|0|0.0|
PISO|0|30/04/24|1083|144.495|7.605|187.8435|0.0|0|0.0|
PISO|0|30/04/24|1090|102.75|2.055|133.575|0.0|0|0.0|
PISO|0|30/04/24|1110|39.15|2.175|50.895|0.0|0|0.0|
PISO|0|30/04/24|1111|212.5|1.7|276.267|0.0|0|0.0|
PISO|0|30/04/24|1113|46.87|1.09|60.931|0.0|0|0.0|
PISO|0|30/04/24|1132|220.3968|0.26|286.5278|45.844448|1|16.0|
PISO|0|30/04/24|1136|132.05|0.695|161.14195|0.0|0|0.0|
PISO|0|30/04/24|1139|213.75|0.76|305.3604|0.0|0|0.0|
PISO|0|30/04/24|1161|336.8804|1.66|427.8318|68.453088|1|16.0|
PISO|0|30/04/24|1175|53.625|0.715|69.7125|0.0|0|0.0|
PISO|0|30/04/24|1177|370.8|1.545|381.90855|61.105368|1|16.0|
PISO|0|30/04/24|1180|166.4224|0.655|216.3596|34.617536|1|16.0|
PISO|0|30/04/24|1192|31.025|0.17|41.3678|6.618848|1|16.0|
PISO|0|30/04/24|1201|90.241|0.41|114.8533|18.376528|1|16.0|
PISO|0|30/04/24|1202|103.3044|0.31|129.1305|20.66088|1|16.0|
PISO|0|30/04/24|1205|76.3851|4.345|99.28325|0.0|0|0.0|
PISO|0|30/04/24|1211|1984.5575|10.75|2282.655|0.0|0|0.0|
PISO|0|30/04/24|1212|39.6|0.825|51.48|0.0|0|0.0|
PISO|0|30/04/24|1213|575.9832|3.12|662.5008|0.0|0|0.0|
PISO|0|30/04/24|1221|370.3596|1.56|388.8768|0.0|0|0.0|
PISO|0|30/04/24|1226|906.4351|4.91|1042.5894|0.0|0|0.0|
PISO|0|30/04/24|1229|149.283|9.215|194.0679|0.0|0|0.0|
PISO|0|30/04/24|1236|34.2044|3.67|44.4437|0.0|0|0.0|
PISO|0|30/04/24|1243|1657.5|11.05|1949.9935|0.0|0|0.0|
PISO|0|30/04/24|1264|76.5|0.9|103.284|0.0|0|0.0|
PISO|0|30/04/24|1266|160.3071|0.81|239.2659|0.0|0|0.0|
PISO|0|30/04/24|1267|212.816|3.76|251.5816|0.0|0|0.0|
PISO|0|30/04/24|1268|84.97|1.465|110.44635|0.0|0|0.0|
PISO|0|30/04/24|1274|492.5615|16.697|579.55287|0.0|0|0.0|
PISO|0|30/04/24|1281|109.52|1.48|124.7048|0.0|0|0.0|
PISO|0|30/04/24|1293|54.834|0.65|71.279|0.0|0|0.0|
PISO|0|30/04/24|1298|193.5136|1.12|251.5744|0.0|0|0.0|
PISO|0|30/04/24|1328|168.0|4.0|218.4|0.0|0|0.0|
PISO|0|30/04/24|1342|117.8868|1.86|153.264|0.0|0|0.0|
PISO|0|30/04/24|1358|2.576|0.04|3.3488|0.0|0|0.0|
PISO|0|30/04/24|1359|96.75|3.225|107.48925|0.0|0|0.0|
PISO|0|30/04/24|1362|6.08|0.08|7.1856|0.0|0|0.0|
PISO|0|30/04/24|1363|17.043|0.19|22.1559|0.0|0|0.0|
PISO|0|30/04/24|1366|361.8|12.06|401.9598|0.0|0|0.0|
PISO|0|30/04/24|1373|372.5166|8.13|439.5891|0.0|0|0.0|
PISO|0|30/04/24|1380|65.92|2.06|85.696|0.0|0|0.0|
PISO|0|30/04/24|1397|18.09495|0.395|23.5262|0.0|0|0.0|
PISO|0|30/04/24|1403|27.7932|0.38|36.1342|0.0|0|0.0|
PISO|0|30/04/24|1431|98.3492|0.355|122.9365|19.66984|1|16.0|
PISO|0|30/04/24|1434|22.27555|0.505|28.95165|0.0|0|0.0|
PISO|0|30/04/24|1441|67.0|1.34|87.1|0.0|0|0.0|
PISO|0|30/04/24|1461|314.874|2.04|362.2224|0.0|0|0.0|
PISO|0|30/04/24|1462|467.711|0.86|608.0458|97.287328|1|16.0|
PISO|0|30/04/24|1465|54.44395|0.605|70.77895|0.0|0|0.0|
PISO|0|30/04/24|1480|80.5318|2.095|104.7081|0.0|0|0.0|
PISO|0|30/04/24|1487|776.823|2.175|1009.91775|161.58684|1|16.0|
PISO|0|30/04/24|1496|35.8345|0.65|46.5855|0.0|0|0.0|
PISO|0|30/04/24|1502|143.63145|7.065|186.72795|0.0|0|0.0|
PISO|0|30/04/24|1522|494.619|1.185|643.0284|102.884544|1|16.0|
PISO|0|30/04/24|1526|76.0932|2.76|89.5068|0.0|0|0.0|
PISO|0|30/04/24|1533|18.7986|0.51|24.4341|0.0|0|0.0|
PISO|0|30/04/24|1540|108.3115|4.19|140.8259|0.0|0|0.0|
PISO|0|30/04/24|1556|36.829|0.1|47.879|7.66064|1|16.0|
PISO|0|30/04/24|1557|45.49875|0.825|59.169|0.0|0|0.0|
PISO|0|30/04/24|1564|37.2|0.93|48.36|0.0|0|0.0|
PISO|0|30/04/24|1601|111.15|2.925|144.495|0.0|0|0.0|
PISO|0|30/04/24|1618|183.594|2.22|238.6722|0.0|0|0.0|
PISO|0|30/04/24|1625|316.68|4.06|411.684|0.0|0|0.0|
PISO|0|30/04/24|1649|29.025|0.645|37.7325|0.0|0|0.0|
PISO|0|30/04/24|1694|329.805|7.329|428.7465|0.0|0|0.0|
PISO|0|30/04/24|1707|425.93915|0.845|553.7454|0.0|0|0.0|
PISO|0|30/04/24|1709|941.9875|2.105|1177.4949|0.0|0|0.0|
PISO|0|30/04/24|1750|168.63935|0.485|177.06865|28.330984|1|16.0|
PISO|0|30/04/24|1766|940.50295|4.045|1190.5244|0.0|0|0.0|
PISO|0|30/04/24|1786|1462.944|29.856|1721.1984|0.0|0|0.0|
PISO|0|30/04/24|1809|59.4|3.3|66.0|0.0|0|0.0|
PISO|0|30/04/24|1875|25.70715|0.315|33.4215|0.0|0|0.0|
PISO|0|30/04/24|1881|366.745|8.945|432.7591|0.0|0|0.0|
PISO|0|30/04/24|1883|54.4355|0.35|70.77|0.0|0|0.0|
PISO|0|30/04/24|1886|1020.40495|22.265|1214.3331|0.0|0|0.0|
PISO|0|30/04/24|1892|2173.9548|50.045|2412.66945|0.0|0|0.0|
PISO|0|30/04/24|1968|97.5392|0.44|102.4144|16.386304|1|16.0|
PISO|0|30/04/24|1984|168.0|2.0|218.4|0.0|0|0.0|
PISO|0|30/04/24|21000604647|375.81|3.0|488.55|78.168|1|16.0|
PISO|0|30/04/24|21000612239|204.76|1.0|266.2|42.592|1|16.0|
PISO|0|30/04/24|2158|635.20125|1.695|730.46025|0.0|0|0.0|
PISO|0|30/04/24|220064|22.8|1.0|29.64|0.0|0|0.0|
PISO|0|30/04/24|2264|614.2554|2.97|706.4442|0.0|0|0.0|
PISO|0|30/04/24|2271|188.74125|1.125|217.06875|0.0|0|0.0|
PISO|0|30/04/24|2296|443.25205|3.215|496.5246|0.0|0|0.0|
PISO|0|30/04/24|2331|5339.6478|23.23|6141.0828|0.0|0|0.0|
PISO|0|30/04/24|2334|9184.3475|49.75|10563.915|0.0|0|0.0|
PISO|0|30/04/24|2354|91.3539|3.41|105.1985|0.0|0|0.0|
PISO|0|30/04/24|2355|190.959|0.3|248.259|39.72144|1|16.0|
PISO|0|30/04/24|2533|2583.98595|24.815|2894.66975|0.0|0|0.0|
PISO|0|30/04/24|2585|835.5145|9.575|935.76475|0.0|0|0.0|
PISO|0|30/04/24|2592|107.702|1.96|120.6184|0.0|0|0.0|
PISO|0|30/04/24|2615|91.469|0.895|103.3546|0.0|0|0.0|
PISO|0|30/04/24|2633|675.936|2.88|844.9344|0.0|0|0.0|
PISO|0|30/04/24|2640|590.18675|2.215|737.7279|0.0|0|0.0|
PISO|0|30/04/24|2665|444.57|1.4|577.962|0.0|0|0.0|
PISO|0|30/04/24|2677|330.6506|0.515|418.54565|66.967304|1|16.0|
PISO|0|30/04/24|2680|148.4866|3.31|193.0061|0.0|0|0.0|
PISO|0|30/04/24|2846|60.60825|0.205|75.7598|12.121568|1|16.0|
PISO|0|30/04/24|3030|429.02965|2.305|557.7639|89.242224|1|16.0|
PISO|0|30/04/24|3081|2049.344|26.24|2357.664|0.0|0|0.0|
PISO|0|30/04/24|3082|728.6562|3.17|838.0212|0.0|0|0.0|
PISO|0|30/04/24|3085|915.9921|3.985|1053.4746|0.0|0|0.0|
PISO|0|30/04/24|3089|264.339|1.15|304.014|0.0|0|0.0|
PISO|0|30/04/24|3252|1082.5584|4.785|1212.27975|0.0|0|0.0|
PISO|0|30/04/24|3410280020556|206.61|3.0|268.59|42.9744|1|16.0|
PISO|0|30/04/24|34264487949|293.2|1.0|381.17|60.9872|1|16.0|
PISO|0|30/04/24|3522|23.0|0.115|29.8977|0.0|0|0.0|
PISO|0|30/04/24|3642|60.298|0.73|78.3874|0.0|0|0.0|
PISO|0|30/04/24|3698|109.68395|0.295|144.0367|11.522936|2|8.0|
PISO|0|30/04/24|3715|446.76|6.12|504.8388|0.0|0|0.0|
PISO|0|30/04/24|3792|368.5338|1.215|479.11095|76.657752|1|16.0|
PISO|0|30/04/24|38000138430|135.13|1.0|180.17|28.8272|1|16.0|
PISO|0|30/04/24|38000183713|135.17|1.0|175.73|28.1168|1|16.0|
PISO|0|30/04/24|3819|136.73015|0.155|204.07455|32.651928|1|16.0|
PISO|0|30/04/24|3851|67.5538|0.265|82.71445|0.0|0|0.0|
PISO|0|30/04/24|3888|30.8574|0.18|46.0566|0.0|0|0.0|
PISO|0|30/04/24|4005808630646|77.74|1.0|101.07|16.1712|1|16.0|
PISO|0|30/04/24|4005900515889|77.34|1.0|100.54|16.0864|1|16.0|
PISO|0|30/04/24|40232527562|76.74|1.0|99.77|15.9632|1|16.0|
PISO|0|30/04/24|4043|29.75|0.175|48.80925|7.80948|1|16.0|
PISO|0|30/04/24|4058|89.9424|0.54|116.9262|18.708192|1|16.0|
PISO|0|30/04/24|4510|51.7425|0.25|67.2675|10.7628|1|16.0|
PISO|0|30/04/24|4921|48.4617|0.235|63.00115|10.080184|1|16.0|
PISO|0|30/04/24|5010327000404|417.7|1.0|491.41|78.6256|1|16.0|
PISO|0|30/04/24|5011987095793|440.0|2.0|586.58|93.8528|1|16.0|
PISO|0|30/04/24|51497399993|31.42|1.0|40.84|6.5344|1|16.0|
PISO|0|30/04/24|5576|74.42035|0.755|106.31155|0.0|0|0.0|
PISO|0|30/04/24|5642|282.8545|1.07|311.1025|0.0|0|0.0|
PISO|0|30/04/24|5678|179.13105|0.855|223.91595|35.826552|1|16.0|
PISO|0|30/04/24|606889002274|51.91|1.0|67.48|10.7968|1|16.0|
PISO|0|30/04/24|608875000967|275.45|5.0|344.8|55.168|1|16.0|
PISO|0|30/04/24|6163|631.873|2.635|821.46125|131.4338|1|16.0|
PISO|0|30/04/24|6325|817.454|2.545|1024.13345|0.0|0|0.0|
PISO|0|30/04/24|6498|402.23|1.16|502.7904|80.446464|1|16.0|
PISO|0|30/04/24|6518|75.4488|0.63|94.311|0.0|0|0.0|
PISO|0|30/04/24|6519|604.6012|1.96|755.7564|120.921024|1|16.0|
PISO|0|30/04/24|6520|1130.328|4.32|1412.8992|0.0|0|0.0|
PISO|0|30/04/24|6955692601049|40.44|1.0|52.59|8.4144|1|16.0|
PISO|0|30/04/24|6986|1031.49|3.925|1246.6585|0.0|0|0.0|
PISO|0|30/04/24|7194|188.272|0.41|244.7618|0.0|0|0.0|
PISO|0|30/04/24|719503004056|78.13|1.0|94.13|0.0|0|0.0|
PISO|0|30/04/24|719503008023|390.9|5.0|494.8|0.0|0|0.0|
PISO|0|30/04/24|719503030123|2030.34|19.0|2441.12|0.0|0|0.0|
PISO|0|30/04/24|719503030185|401.56|2.0|483.8|0.0|0|0.0|
PISO|0|30/04/24|719503061028|27.76|1.0|37.02|5.9232|1|16.0|
PISO|0|30/04/24|719503061035|133.62|3.0|178.17|28.5072|1|16.0|
PISO|0|30/04/24|7271|2394.24435|10.155|2873.2557|0.0|0|0.0|
PISO|0|30/04/24|734191315710|48.55|1.0|60.69|9.7104|1|16.0|
PISO|0|30/04/24|739835000878|63.44|1.0|82.47|13.1952|1|16.0|
PISO|0|30/04/24|745114755049|82.14|1.0|106.8|17.088|1|16.0|
PISO|0|30/04/24|7453010048358|5.97|1.0|7.77|1.2432|1|16.0|
PISO|0|30/04/24|7453038470353|101.16|6.0|131.52|21.0432|1|16.0|
PISO|0|30/04/24|7453038477093|24.44|2.0|31.76|5.0816|1|16.0|
PISO|0|30/04/24|745853004835|31.96|1.0|41.53|6.6448|1|16.0|
PISO|0|30/04/24|7489|86.2104|0.51|107.763|17.24208|1|16.0|
PISO|0|30/04/24|7500435019545|169.15|1.0|234.93|37.5888|1|16.0|
PISO|0|30/04/24|7500435120852|110.77|1.0|147.69|23.6304|1|16.0|
PISO|0|30/04/24|7500435138758|95.06|1.0|126.58|20.2528|1|16.0|
PISO|0|30/04/24|7500435155830|97.73|1.0|135.74|21.7184|1|16.0|
PISO|0|30/04/24|7500435222297|267.92|1.0|357.22|57.1552|1|16.0|
PISO|0|30/04/24|7501007445557|60.84|1.0|79.09|12.6544|1|16.0|
PISO|0|30/04/24|7501032908706|130.46|2.0|169.62|27.1392|1|16.0|
PISO|0|30/04/24|7501035904071|209.4|1.0|290.84|46.5344|1|16.0|
PISO|0|30/04/24|7501035911031|448.65|9.0|583.2|93.312|1|16.0|
PISO|0|30/04/24|7501056326142|47.65|1.0|66.17|10.5872|1|16.0|
PISO|0|30/04/24|7501058636621|712.52|2.0|868.92|0.0|0|0.0|
PISO|0|30/04/24|75034238|104.08|1.0|135.31|21.6496|1|16.0|
PISO|0|30/04/24|7506339390292|58.75|1.0|78.34|12.5344|1|16.0|
PISO|0|30/04/24|7509546665610|217.7|2.0|283.02|45.2832|1|16.0|
PISO|0|30/04/24|7509546680415|54.6|1.0|75.84|12.1344|1|16.0|
PISO|0|30/04/24|7590000000023|50.8|5.0|66.05|0.0|0|0.0|
PISO|0|30/04/24|7590000028348|58.4|1.0|73.0|11.68|1|16.0|
PISO|0|30/04/24|7590000034790|81.31|1.0|108.42|17.3472|1|16.0|
PISO|0|30/04/24|7590000044683|78.5|1.0|98.13|0.0|0|0.0|
PISO|0|30/04/24|7590000053722|58.9|2.0|75.9|0.0|0|0.0|
PISO|0|30/04/24|7590000053739|59.06|2.0|76.1|0.0|0|0.0|
PISO|0|30/04/24|7590000053746|342.6|12.0|445.44|0.0|0|0.0|
PISO|0|30/04/24|7590000053876|63.0|2.0|81.9|0.0|0|0.0|
PISO|0|30/04/24|7590000054002|37.68|1.0|48.99|0.0|0|0.0|
PISO|0|30/04/24|7590000054750|65.7|1.0|82.13|0.0|0|0.0|
PISO|0|30/04/24|7590000055481|94.0|1.0|122.19|0.0|0|0.0|
PISO|0|30/04/24|7590000058536|328.59|3.0|410.73|0.0|0|0.0|
PISO|0|30/04/24|7590000061383|47.54|1.0|63.39|10.1424|1|16.0|
PISO|0|30/04/24|7590002012383|121.08|2.0|157.42|25.1872|1|16.0|
PISO|0|30/04/24|7590005008208|63.04|1.0|81.96|13.1136|1|16.0|
PISO|0|30/04/24|7590005008550|70.74|1.0|91.53|14.6448|1|16.0|
PISO|0|30/04/24|7590005162641|74.83|1.0|103.94|16.6304|1|16.0|
PISO|0|30/04/24|7590005162801|43.28|1.0|60.04|9.6064|1|16.0|
PISO|0|30/04/24|7590005162832|43.28|1.0|60.04|9.6064|1|16.0|
PISO|0|30/04/24|7590005250072|60.84|1.0|79.09|12.6544|1|16.0|
PISO|0|30/04/24|7590006002588|79.22|2.0|102.3|16.368|1|16.0|
PISO|0|30/04/24|7590006002595|173.56|2.0|224.12|35.8592|1|16.0|
PISO|0|30/04/24|7590006200137|1398.78|18.0|1637.64|0.0|0|0.0|
PISO|0|30/04/24|7590006200144|151.12|1.0|188.88|0.0|0|0.0|
PISO|0|30/04/24|7590006200540|210.39|3.0|259.74|0.0|0|0.0|
PISO|0|30/04/24|7590006300332|86.78|1.0|112.06|17.9296|1|16.0|
PISO|0|30/04/24|7590006301438|116.68|2.0|155.56|24.8896|1|16.0|
PISO|0|30/04/24|7590006301513|86.78|1.0|112.06|17.9296|1|16.0|
PISO|0|30/04/24|7590006700019|154.08|2.0|205.44|32.8704|1|16.0|
PISO|0|30/04/24|7590006700057|144.91|1.0|193.22|30.9152|1|16.0|
PISO|0|30/04/24|7590006746000|75.96|4.0|101.28|16.2048|1|16.0|
PISO|0|30/04/24|7590006850110|13.27|1.0|18.42|2.9472|1|16.0|
PISO|0|30/04/24|7590006850127|26.54|2.0|36.84|5.8944|1|16.0|
PISO|0|30/04/24|7590006850134|13.14|1.0|18.25|2.92|1|16.0|
PISO|0|30/04/24|7590006850165|26.54|2.0|36.84|5.8944|1|16.0|
PISO|0|30/04/24|7590011117604|87.9|3.0|109.89|17.5824|1|16.0|
PISO|0|30/04/24|7590011151615|29.3|1.0|36.63|5.8608|1|16.0|
PISO|0|30/04/24|7590011890866|60.98|1.0|76.22|12.1952|1|16.0|
PISO|0|30/04/24|7590011890910|60.98|1.0|76.21|12.1936|1|16.0|
PISO|0|30/04/24|75900441|31.69|1.0|42.23|6.7568|1|16.0|
PISO|0|30/04/24|7590054789639|100.79|1.0|130.98|20.9568|1|16.0|
PISO|0|30/04/24|7590054789677|161.26|2.0|208.82|33.4112|1|16.0|
PISO|0|30/04/24|7590054790024|43.98|1.0|57.17|9.1472|1|16.0|
PISO|0|30/04/24|7590120151650|266.1|10.0|332.5|0.0|0|0.0|
PISO|0|30/04/24|7590140171100|33.04|2.0|42.94|6.8704|1|16.0|
PISO|0|30/04/24|75905101|41.97|1.0|53.13|0.0|0|0.0|
PISO|0|30/04/24|75905156|43.35|3.0|56.25|9.0|1|16.0|
PISO|0|30/04/24|7591002000011|3057.48|84.0|3359.16|0.0|0|0.0|
PISO|0|30/04/24|7591002000240|33.2|1.0|40.99|0.0|0|0.0|
PISO|0|30/04/24|7591002000745|802.27|7.0|966.56|0.0|0|0.0|
PISO|0|30/04/24|7591002000912|65.35|1.0|80.68|0.0|0|0.0|
PISO|0|30/04/24|7591002001803|218.58|6.0|239.94|0.0|0|0.0|
PISO|0|30/04/24|7591002002893|227.84|4.0|296.2|47.392|1|16.0|
PISO|0|30/04/24|7591002200190|284.8|5.0|370.25|59.24|1|16.0|
PISO|0|30/04/24|7591002300449|379.86|1.0|527.59|84.4144|1|16.0|
PISO|0|30/04/24|7591002300784|174.85|1.0|233.13|37.3008|1|16.0|
PISO|0|30/04/24|7591002400767|100.74|2.0|122.86|0.0|0|0.0|
PISO|0|30/04/24|7591002700010|185.07|3.0|234.27|37.4832|1|16.0|
PISO|0|30/04/24|7591002700058|147.9|3.0|192.27|30.7632|1|16.0|
PISO|0|30/04/24|7591002700096|259.88|4.0|328.96|0.0|0|0.0|
PISO|0|30/04/24|7591002700164|75.2|2.0|90.6|0.0|0|0.0|
PISO|0|30/04/24|7591002700188|112.8|3.0|135.9|0.0|0|0.0|
PISO|0|30/04/24|7591002700201|37.6|1.0|45.3|0.0|0|0.0|
PISO|0|30/04/24|7591005004160|122.05|1.0|158.66|25.3856|1|16.0|
PISO|0|30/04/24|7591005005112|133.59|1.0|173.67|27.7872|1|16.0|
PISO|0|30/04/24|7591005006836|137.44|1.0|178.68|28.5888|1|16.0|
PISO|0|30/04/24|7591005677746|124.99|1.0|162.5|26.0|1|16.0|
PISO|0|30/04/24|7591005677777|137.44|1.0|178.68|28.5888|1|16.0|
PISO|0|30/04/24|7591005999657|131.58|1.0|171.06|27.3696|1|16.0|
PISO|0|30/04/24|7591008000091|109.5|1.0|142.35|22.776|1|16.0|
PISO|0|30/04/24|7591008000244|58.4|2.0|75.88|12.1408|1|16.0|
PISO|0|30/04/24|7591008000367|109.5|1.0|142.35|22.776|1|16.0|
PISO|0|30/04/24|7591014037975|102.09|1.0|132.72|21.2352|1|16.0|
PISO|0|30/04/24|7591015000534|25.5|1.0|33.07|5.2912|1|16.0|
PISO|0|30/04/24|7591015001074|241.02|3.0|296.85|0.0|0|0.0|
PISO|0|30/04/24|7591015002422|66.18|2.0|86.04|13.7664|1|16.0|
PISO|0|30/04/24|7591016003671|98.55|3.0|128.16|20.5056|1|16.0|
PISO|0|30/04/24|7591016006627|49.64|1.0|64.53|10.3248|1|16.0|
PISO|0|30/04/24|7591016006634|86.6|1.0|112.58|18.0128|1|16.0|
PISO|0|30/04/24|7591016171806|349.6|4.0|485.4|77.664|1|16.0|
PISO|0|30/04/24|7591016203606|354.08|2.0|426.6|0.0|0|0.0|
PISO|0|30/04/24|7591016204764|92.71|1.0|117.35|18.776|1|16.0|
PISO|0|30/04/24|7591016204894|74.07|3.0|96.27|15.4032|1|16.0|
PISO|0|30/04/24|7591016204900|49.38|2.0|64.18|10.2688|1|16.0|
PISO|0|30/04/24|7591016205105|144.52|1.0|140.42|22.4672|1|16.0|
PISO|0|30/04/24|7591016205716|1332.25|5.0|1567.35|0.0|0|0.0|
PISO|0|30/04/24|7591016605202|365.54|1.0|487.39|77.9824|1|16.0|
PISO|0|30/04/24|7591016605752|83.94|1.0|111.92|17.9072|1|16.0|
PISO|0|30/04/24|7591016851128|176.52|2.0|245.18|39.2288|1|16.0|
PISO|0|30/04/24|7591016851609|88.26|1.0|122.59|19.6144|1|16.0|
PISO|0|30/04/24|7591016852101|381.0|4.0|529.16|84.6656|1|16.0|
PISO|0|30/04/24|7591016854969|88.26|1.0|122.59|19.6144|1|16.0|
PISO|0|30/04/24|7591016855096|229.48|2.0|318.71|50.9936|1|16.0|
PISO|0|30/04/24|7591031000037|35.05|1.0|43.3|6.928|1|16.0|
PISO|0|30/04/24|7591031000211|161.6|4.0|196.72|31.4752|1|16.0|
PISO|0|30/04/24|7591031001959|176.76|4.0|235.68|37.7088|1|16.0|
PISO|0|30/04/24|7591031001980|46.46|2.0|61.94|9.9104|1|16.0|
PISO|0|30/04/24|7591031002642|52.0|2.0|69.34|11.0944|1|16.0|
PISO|0|30/04/24|7591031003229|26.34|1.0|34.24|5.4784|1|16.0|
PISO|0|30/04/24|7591031003267|80.8|2.0|98.36|15.7376|1|16.0|
PISO|0|30/04/24|7591031003328|40.38|1.0|49.16|7.8656|1|16.0|
PISO|0|30/04/24|7591031003359|35.01|1.0|43.22|6.9152|1|16.0|
PISO|0|30/04/24|7591031003595|121.2|3.0|147.54|23.6064|1|16.0|
PISO|0|30/04/24|7591031004608|105.56|2.0|137.24|21.9584|1|16.0|
PISO|0|30/04/24|7591031005995|47.45|1.0|63.27|10.1232|1|16.0|
PISO|0|30/04/24|7591031011347|87.38|2.0|116.5|18.64|1|16.0|
PISO|0|30/04/24|7591031012290|99.8|1.0|133.07|21.2912|1|16.0|
PISO|0|30/04/24|7591031101833|40.36|1.0|53.81|8.6096|1|16.0|
PISO|0|30/04/24|7591031102045|30.49|1.0|40.66|6.5056|1|16.0|
PISO|0|30/04/24|7591039000756|70.93|1.0|92.22|14.7552|1|16.0|
PISO|0|30/04/24|7591039105208|344.52|4.0|447.88|71.6608|1|16.0|
PISO|0|30/04/24|7591039380575|82.33|1.0|107.03|17.1248|1|16.0|
PISO|0|30/04/24|7591039504124|151.34|2.0|196.76|31.4816|1|16.0|
PISO|0|30/04/24|7591039535012|61.61|1.0|80.09|12.8144|1|16.0|
PISO|0|30/04/24|7591039601526|34.84|2.0|45.28|7.2448|1|16.0|
PISO|0|30/04/24|7591039725772|120.56|2.0|156.74|25.0784|1|16.0|
PISO|0|30/04/24|7591039725789|61.73|1.0|80.16|12.8256|1|16.0|
PISO|0|30/04/24|7591039725819|186.99|3.0|242.79|38.8464|1|16.0|
PISO|0|30/04/24|7591039771007|109.31|1.0|142.11|22.7376|1|16.0|
PISO|0|30/04/24|7591039995878|83.88|3.0|109.02|17.4432|1|16.0|
PISO|0|30/04/24|7591039995977|55.92|2.0|72.68|11.6288|1|16.0|
PISO|0|30/04/24|7591039996271|89.88|2.0|116.82|18.6912|1|16.0|
PISO|0|30/04/24|7591039996288|44.94|1.0|58.41|9.3456|1|16.0|
PISO|0|30/04/24|7591039996608|146.0|4.0|189.52|30.3232|1|16.0|
PISO|0|30/04/24|7591039997827|55.92|2.0|72.68|11.6288|1|16.0|
PISO|0|30/04/24|7591039998206|44.23|1.0|57.44|9.1904|1|16.0|
PISO|0|30/04/24|7591039998268|35.76|1.0|46.49|7.4384|1|16.0|
PISO|0|30/04/24|7591049001903|1322.25|15.0|1639.5|0.0|0|0.0|
PISO|0|30/04/24|7591049002085|56.76|2.0|68.38|0.0|0|0.0|
PISO|0|30/04/24|7591049193035|357.72|4.0|437.2|0.0|0|0.0|
PISO|0|30/04/24|7591049220663|49.65|1.0|61.3|0.0|0|0.0|
PISO|0|30/04/24|7591049220670|50.49|1.0|62.33|0.0|0|0.0|
PISO|0|30/04/24|7591057001056|190.89|1.0|248.16|39.7056|1|16.0|
PISO|0|30/04/24|7591061640258|28.2|1.0|36.66|5.8656|1|16.0|
PISO|0|30/04/24|7591061640388|70.36|1.0|91.47|14.6352|1|16.0|
PISO|0|30/04/24|7591072002090|31.51|1.0|39.9|6.384|1|16.0|
PISO|0|30/04/24|7591081110601|167.95|5.0|212.6|34.016|1|16.0|
PISO|0|30/04/24|7591081110618|308.65|5.0|390.7|62.512|1|16.0|
PISO|0|30/04/24|7591081220430|138.06|1.0|179.48|28.7168|1|16.0|
PISO|0|30/04/24|7591081220447|230.17|1.0|299.16|47.8656|1|16.0|
PISO|0|30/04/24|7591081240285|299.32|4.0|362.96|0.0|0|0.0|
PISO|0|30/04/24|7591082000161|125.55|3.0|158.91|25.4256|1|16.0|
PISO|0|30/04/24|7591082000208|76.98|2.0|97.44|15.5904|1|16.0|
PISO|0|30/04/24|7591082000291|120.8|5.0|152.95|24.472|1|16.0|
PISO|0|30/04/24|7591082000307|142.04|4.0|179.8|28.768|1|16.0|
PISO|0|30/04/24|7591082000383|71.22|2.0|90.16|14.4256|1|16.0|
PISO|0|30/04/24|7591082001335|16.24|1.0|20.55|3.288|1|16.0|
PISO|0|30/04/24|7591082001717|81.92|2.0|106.5|17.04|1|16.0|
PISO|0|30/04/24|7591082002516|44.28|1.0|56.05|8.968|1|16.0|
PISO|0|30/04/24|7591082002561|55.64|1.0|70.43|11.2688|1|16.0|
PISO|0|30/04/24|7591082004527|18.86|1.0|23.87|3.8192|1|16.0|
PISO|0|30/04/24|7591082007153|796.32|21.0|936.81|149.8896|1|16.0|
PISO|0|30/04/24|7591083016536|85.76|1.0|111.49|17.8384|1|16.0|
PISO|0|30/04/24|7591083018547|182.52|3.0|253.5|40.56|1|16.0|
PISO|0|30/04/24|7591083018622|61.2|1.0|85.01|13.6016|1|16.0|
PISO|0|30/04/24|7591098000490|329.3|10.0|428.1|68.496|1|16.0|
PISO|0|30/04/24|7591098000698|166.48|8.0|201.92|32.3072|1|16.0|
PISO|0|30/04/24|7591098170278|170.4|4.0|213.0|34.08|1|16.0|
PISO|0|30/04/24|7591098330382|141.42|3.0|183.84|29.4144|1|16.0|
PISO|0|30/04/24|7591098800281|992.28|12.0|1240.32|198.4512|1|16.0|
PISO|0|30/04/24|7591098802384|188.52|6.0|235.68|37.7088|1|16.0|
PISO|0|30/04/24|7591104243101|133.23|3.0|168.66|0.0|0|0.0|
PISO|0|30/04/24|7591112000031|28.37|1.0|36.89|5.9024|1|16.0|
PISO|0|30/04/24|7591112000130|214.56|8.0|278.96|44.6336|1|16.0|
PISO|0|30/04/24|7591112000147|241.47|9.0|313.92|50.2272|1|16.0|
PISO|0|30/04/24|7591112000314|104.38|2.0|135.7|21.712|1|16.0|
PISO|0|30/04/24|7591112025287|64.6|1.0|83.98|13.4368|1|16.0|
PISO|0|30/04/24|7591112026451|88.31|1.0|114.81|18.3696|1|16.0|
PISO|0|30/04/24|7591112029025|156.62|2.0|203.62|32.5792|1|16.0|
PISO|0|30/04/24|7591112041010|141.66|3.0|184.17|29.4672|1|16.0|
PISO|0|30/04/24|7591112041041|281.76|3.0|366.3|58.608|1|16.0|
PISO|0|30/04/24|7591112049023|89.12|2.0|118.82|19.0112|1|16.0|
PISO|0|30/04/24|7591112056014|38.41|1.0|49.93|7.9888|1|16.0|
PISO|0|30/04/24|7591112061209|301.8|5.0|392.35|62.776|1|16.0|
PISO|0|30/04/24|7591112462020|83.76|1.0|108.91|17.4256|1|16.0|
PISO|0|30/04/24|7591114040042|462.32|4.0|554.16|0.0|0|0.0|
PISO|0|30/04/24|7591123000372|84.33|3.0|104.1|0.0|0|0.0|
PISO|0|30/04/24|7591123000556|26.46|1.0|32.67|0.0|0|0.0|
PISO|0|30/04/24|7591123080015|38.7|1.0|45.52|0.0|0|0.0|
PISO|0|30/04/24|7591127123626|634.5|15.0|769.2|123.072|1|16.0|
PISO|0|30/04/24|7591127914408|26.79|1.0|35.71|5.7136|1|16.0|
PISO|0|30/04/24|7591133000416|53.73|1.0|69.85|11.176|1|16.0|
PISO|0|30/04/24|7591133000614|191.04|2.0|238.8|38.208|1|16.0|
PISO|0|30/04/24|7591133000645|83.41|1.0|104.26|16.6816|1|16.0|
PISO|0|30/04/24|7591133000720|76.1|1.0|95.13|0.0|0|0.0|
PISO|0|30/04/24|7591133000775|70.08|1.0|87.6|0.0|0|0.0|
PISO|0|30/04/24|7591133001000|82.32|1.0|102.9|0.0|0|0.0|
PISO|0|30/04/24|7591133001031|351.56|4.0|439.44|0.0|0|0.0|
PISO|0|30/04/24|7591133001260|230.34|2.0|287.92|0.0|0|0.0|
PISO|0|30/04/24|7591133051555|155.13|1.0|193.91|0.0|0|0.0|
PISO|0|30/04/24|7591138073323|62.31|1.0|80.99|12.9584|1|16.0|
PISO|0|30/04/24|7591138073552|43.98|1.0|57.17|9.1472|1|16.0|
PISO|0|30/04/24|7591141000408|34.99|1.0|45.49|7.2784|1|16.0|
PISO|0|30/04/24|7591141000415|34.99|1.0|45.49|7.2784|1|16.0|
PISO|0|30/04/24|7591141100641|90.45|1.0|117.59|18.8144|1|16.0|
PISO|0|30/04/24|7591141102010|70.21|1.0|91.28|14.6048|1|16.0|
PISO|0|30/04/24|7591141103017|55.12|1.0|71.66|11.4656|1|16.0|
PISO|0|30/04/24|7591141220516|170.58|2.0|221.78|35.4848|1|16.0|
PISO|0|30/04/24|7591141221445|103.61|1.0|134.7|21.552|1|16.0|
PISO|0|30/04/24|7591141221513|66.88|1.0|86.95|13.912|1|16.0|
PISO|0|30/04/24|7591141420206|47.39|1.0|61.62|9.8592|1|16.0|
PISO|0|30/04/24|7591141450012|118.66|1.0|154.27|24.6832|1|16.0|
PISO|0|30/04/24|7591151042214|57.6|1.0|71.11|0.0|0|0.0|
PISO|0|30/04/24|7591151052213|28.83|1.0|35.59|0.0|0|0.0|
PISO|0|30/04/24|7591151111040|72.96|2.0|90.08|0.0|0|0.0|
PISO|0|30/04/24|7591151112252|57.2|1.0|72.41|0.0|0|0.0|
PISO|0|30/04/24|7591151351019|49.94|1.0|64.92|10.3872|1|16.0|
PISO|0|30/04/24|7591151402117|48.56|1.0|58.51|0.0|0|0.0|
PISO|0|30/04/24|7591151402216|49.03|1.0|59.08|0.0|0|0.0|
PISO|0|30/04/24|7591153000090|91.24|1.0|118.62|18.9792|1|16.0|
PISO|0|30/04/24|7591156404864|231.91|1.0|272.38|43.5808|1|16.0|
PISO|0|30/04/24|7591159310827|185.25|3.0|231.57|0.0|0|0.0|
PISO|0|30/04/24|7591159411029|103.5|2.0|129.38|0.0|0|0.0|
PISO|0|30/04/24|7591161806103|47.65|1.0|63.53|10.1648|1|16.0|
PISO|0|30/04/24|7591164000034|29.04|1.0|37.75|6.04|1|16.0|
PISO|0|30/04/24|7591164000041|48.56|2.0|63.14|10.1024|1|16.0|
PISO|0|30/04/24|7591164000096|32.06|2.0|41.68|6.6688|1|16.0|
PISO|0|30/04/24|7591164000102|48.09|3.0|62.52|10.0032|1|16.0|
PISO|0|30/04/24|7591164000119|112.21|7.0|145.88|23.3408|1|16.0|
PISO|0|30/04/24|7591164000126|112.21|7.0|145.88|23.3408|1|16.0|
PISO|0|30/04/24|7591164000133|80.15|5.0|104.2|16.672|1|16.0|
PISO|0|30/04/24|7591166100114|118.64|1.0|139.58|0.0|0|0.0|
PISO|0|30/04/24|7591166377035|366.44|4.0|476.36|76.2176|1|16.0|
PISO|0|30/04/24|7591166377066|916.15|5.0|1191.05|190.568|1|16.0|
PISO|0|30/04/24|7591166877580|1465.11|9.0|1854.54|0.0|0|0.0|
PISO|0|30/04/24|7591166890336|66.65|1.0|86.65|13.864|1|16.0|
PISO|0|30/04/24|7591167000895|75.63|1.0|94.53|15.1248|1|16.0|
PISO|0|30/04/24|7591184000113|137.07|3.0|173.52|0.0|0|0.0|
PISO|0|30/04/24|7591184002018|58.03|1.0|73.46|0.0|0|0.0|
PISO|0|30/04/24|7591202101167|50.72|1.0|65.94|10.5504|1|16.0|
PISO|0|30/04/24|7591202201058|28.1|1.0|36.53|5.8448|1|16.0|
PISO|0|30/04/24|7591206000381|126.51|3.0|164.46|26.3136|1|16.0|
PISO|0|30/04/24|7591206003252|62.31|1.0|81.0|12.96|1|16.0|
PISO|0|30/04/24|7591206012834|70.74|1.0|91.97|14.7152|1|16.0|
PISO|0|30/04/24|7591206016221|54.06|2.0|68.88|11.0208|1|16.0|
PISO|0|30/04/24|7591206114675|136.35|3.0|177.24|28.3584|1|16.0|
PISO|0|30/04/24|7591206282558|57.12|1.0|74.26|11.8816|1|16.0|
PISO|0|30/04/24|7591206282688|54.98|1.0|71.47|11.4352|1|16.0|
PISO|0|30/04/24|7591206282787|39.58|1.0|51.47|8.2352|1|16.0|
PISO|0|30/04/24|7591206284972|87.96|2.0|114.34|18.2944|1|16.0|
PISO|0|30/04/24|7591206285269|28.96|1.0|37.64|6.0224|1|16.0|
PISO|0|30/04/24|7591210000193|223.38|3.0|265.92|0.0|0|0.0|
PISO|0|30/04/24|7591210000209|730.0|10.0|869.0|0.0|0|0.0|
PISO|0|30/04/24|7591210000414|58.44|1.0|75.97|12.1552|1|16.0|
PISO|0|30/04/24|7591213005447|18.51|1.0|25.71|4.1136|1|16.0|
PISO|0|30/04/24|7591213015835|16.12|1.0|20.96|3.3536|1|16.0|
PISO|0|30/04/24|7591221000045|43.91|1.0|57.1|9.136|1|16.0|
PISO|0|30/04/24|7591221000052|43.96|1.0|57.16|9.1456|1|16.0|
PISO|0|30/04/24|7591221010020|80.49|1.0|104.64|16.7424|1|16.0|
PISO|0|30/04/24|7591221106600|83.28|2.0|108.28|17.3248|1|16.0|
PISO|0|30/04/24|7591221118405|88.17|1.0|114.63|18.3408|1|16.0|
PISO|0|30/04/24|7591221118504|162.46|1.0|211.21|33.7936|1|16.0|
PISO|0|30/04/24|7591221166109|110.44|4.0|143.6|22.976|1|16.0|
PISO|0|30/04/24|7591221235041|62.37|1.0|81.04|12.9664|1|16.0|
PISO|0|30/04/24|7591221271100|29.02|1.0|37.72|6.0352|1|16.0|
PISO|0|30/04/24|7591221271117|57.9|2.0|75.28|12.0448|1|16.0|
PISO|0|30/04/24|7591221271124|89.97|3.0|116.97|18.7152|1|16.0|
PISO|0|30/04/24|7591221275450|78.63|1.0|102.22|16.3552|1|16.0|
PISO|0|30/04/24|7591221281109|56.07|1.0|72.88|11.6608|1|16.0|
PISO|0|30/04/24|7591221281116|56.68|1.0|73.67|11.7872|1|16.0|
PISO|0|30/04/24|7591221610466|24.72|1.0|32.14|5.1424|1|16.0|
PISO|0|30/04/24|7591221611272|16.04|1.0|20.85|3.336|1|16.0|
PISO|0|30/04/24|7591221625415|32.85|1.0|42.72|6.8352|1|16.0|
PISO|0|30/04/24|7591221625439|32.85|1.0|42.72|6.8352|1|16.0|
PISO|0|30/04/24|7591221928219|34.39|1.0|44.72|7.1552|1|16.0|
PISO|0|30/04/24|7591224000332|124.61|1.0|173.07|27.6912|1|16.0|
PISO|0|30/04/24|7591224002114|192.88|2.0|250.66|40.1056|1|16.0|
PISO|0|30/04/24|7591224005009|128.48|1.0|167.03|26.7248|1|16.0|
PISO|0|30/04/24|7591273763240|124.2|1.0|165.59|26.4944|1|16.0|
PISO|0|30/04/24|7591289601321|114.06|1.0|148.27|23.7232|1|16.0|
PISO|0|30/04/24|7591309000042|52.05|1.0|72.29|11.5664|1|16.0|
PISO|0|30/04/24|7591309000219|52.05|1.0|72.29|11.5664|1|16.0|
PISO|0|30/04/24|7591357000063|83.22|1.0|108.19|0.0|0|0.0|
PISO|0|30/04/24|7591357020405|1331.52|32.0|1599.36|0.0|0|0.0|
PISO|0|30/04/24|7591360000036|188.8|4.0|214.56|0.0|0|0.0|
PISO|0|30/04/24|7591360000043|141.6|3.0|160.92|0.0|0|0.0|
PISO|0|30/04/24|7591360000104|84.94|2.0|96.52|0.0|0|0.0|
PISO|0|30/04/24|7591360000388|50.68|1.0|64.15|0.0|0|0.0|
PISO|0|30/04/24|7591417000866|638.89|7.0|828.03|0.0|0|0.0|
PISO|0|30/04/24|7591446001568|91.44|4.0|118.88|19.0208|1|16.0|
PISO|0|30/04/24|7591446002947|155.79|3.0|202.47|32.3952|1|16.0|
PISO|0|30/04/24|7591446003821|45.48|2.0|54.82|8.7712|1|16.0|
PISO|0|30/04/24|7591446008611|136.8|6.0|164.76|26.3616|1|16.0|
PISO|0|30/04/24|7591446009045|31.22|1.0|37.61|6.0176|1|16.0|
PISO|0|30/04/24|7591449151253|2.0|1.0|3.45|0.552|1|16.0|
PISO|0|30/04/24|7591473003559|156.6|4.0|203.6|0.0|0|0.0|
PISO|0|30/04/24|7591473005034|135.54|3.0|163.29|0.0|0|0.0|
PISO|0|30/04/24|7591473005041|92.37|3.0|116.91|0.0|0|0.0|
PISO|0|30/04/24|7591473005232|919.53|17.0|1107.89|0.0|0|0.0|
PISO|0|30/04/24|7591473005355|586.65|15.0|706.8|0.0|0|0.0|
PISO|0|30/04/24|7591473005362|344.52|9.0|415.08|0.0|0|0.0|
PISO|0|30/04/24|7591559000359|73.7|1.0|95.28|15.2448|1|16.0|
PISO|0|30/04/24|75916053|91.2|4.0|118.56|18.9696|1|16.0|
PISO|0|30/04/24|75916091|22.8|1.0|29.64|4.7424|1|16.0|
PISO|0|30/04/24|75916107|167.85|3.0|192.48|30.7968|1|16.0|
PISO|0|30/04/24|75916176|114.24|2.0|148.52|23.7632|1|16.0|
PISO|0|30/04/24|7591664000091|23.18|1.0|30.14|4.8224|1|16.0|
PISO|0|30/04/24|7591672000397|47.65|1.0|60.29|9.6464|1|16.0|
PISO|0|30/04/24|7591674001231|363.6|8.0|460.24|0.0|0|0.0|
PISO|0|30/04/24|7591675004781|53.48|1.0|74.09|11.8544|1|16.0|
PISO|0|30/04/24|75916909|136.8|6.0|177.84|28.4544|1|16.0|
PISO|0|30/04/24|7591720031151|132.68|1.0|172.48|27.5968|1|16.0|
PISO|0|30/04/24|7591720600418|44.22|1.0|57.44|9.1904|1|16.0|
PISO|0|30/04/24|75917265|117.5|2.0|152.76|24.4416|1|16.0|
PISO|0|30/04/24|7591794000428|142.35|3.0|171.54|0.0|0|0.0|
PISO|0|30/04/24|7591794000480|31.39|1.0|37.82|0.0|0|0.0|
PISO|0|30/04/24|7591794000558|18.62|1.0|23.57|0.0|0|0.0|
PISO|0|30/04/24|7591794000701|65.03|1.0|78.35|0.0|0|0.0|
PISO|0|30/04/24|7591794090139|90.74|1.0|109.33|0.0|0|0.0|
PISO|0|30/04/24|7591794090153|79.06|2.0|102.78|0.0|0|0.0|
PISO|0|30/04/24|7591827031511|230.64|8.0|256.24|0.0|0|0.0|
PISO|0|30/04/24|75918729|213.95|11.0|278.08|44.4928|1|16.0|
PISO|0|30/04/24|7591899150011|43.98|6.0|56.76|9.0816|1|16.0|
PISO|0|30/04/24|7591899866905|115.07|1.0|149.59|23.9344|1|16.0|
PISO|0|30/04/24|7591899933447|12.14|1.0|16.86|2.6976|1|16.0|
PISO|0|30/04/24|7591899933652|5.87|1.0|8.15|1.304|1|16.0|
PISO|0|30/04/24|7591899935250|85.04|2.0|118.06|18.8896|1|16.0|
PISO|0|30/04/24|7591902000791|81.04|2.0|105.36|16.8576|1|16.0|
PISO|0|30/04/24|7591902001194|68.3|1.0|88.78|14.2048|1|16.0|
PISO|0|30/04/24|75919184|30.52|1.0|38.63|6.1808|1|16.0|
PISO|0|30/04/24|75919191|142.74|3.0|180.66|28.9056|1|16.0|
PISO|0|30/04/24|7591942000621|448.25|11.0|527.34|0.0|0|0.0|
PISO|0|30/04/24|7591949530749|99.86|2.0|129.82|20.7712|1|16.0|
PISO|0|30/04/24|75919740|83.18|2.0|105.16|16.8256|1|16.0|
PISO|0|30/04/24|7592037000014|292.0|5.0|365.0|0.0|0|0.0|
PISO|0|30/04/24|7592045000013|102.2|2.0|132.86|0.0|0|0.0|
PISO|0|30/04/24|7592069000013|183.22|2.0|238.18|38.1088|1|16.0|
PISO|0|30/04/24|7592069000082|131.04|1.0|170.36|0.0|0|0.0|
PISO|0|30/04/24|75921118|119.4|3.0|153.84|24.6144|1|16.0|
PISO|0|30/04/24|7592149000056|59.81|1.0|77.76|12.4416|1|16.0|
PISO|0|30/04/24|7592149000124|139.27|1.0|181.03|28.9648|1|16.0|
PISO|0|30/04/24|7592149400030|23.05|1.0|29.97|4.7952|1|16.0|
PISO|0|30/04/24|7592200000070|40.53|3.0|51.3|0.0|0|0.0|
PISO|0|30/04/24|7592225000253|83.95|5.0|101.25|0.0|0|0.0|
PISO|0|30/04/24|7592243003366|243.9|10.0|294.0|47.04|1|16.0|
PISO|0|30/04/24|75923815|26.45|1.0|35.27|5.6432|1|16.0|
PISO|0|30/04/24|7592396000922|73.36|1.0|92.86|0.0|0|0.0|
PISO|0|30/04/24|7592396001448|74.44|1.0|99.25|15.88|1|16.0|
PISO|0|30/04/24|7592396001455|74.44|1.0|99.25|15.88|1|16.0|
PISO|0|30/04/24|7592396001462|74.44|1.0|99.22|15.8752|1|16.0|
PISO|0|30/04/24|7592396004562|120.14|2.0|152.08|0.0|0|0.0|
PISO|0|30/04/24|7592396005507|295.65|5.0|356.2|0.0|0|0.0|
PISO|0|30/04/24|7592433000939|322.25|1.0|379.12|0.0|0|0.0|
PISO|0|30/04/24|7592433001523|73.15|1.0|95.09|15.2144|1|16.0|
PISO|0|30/04/24|7592433002902|101.38|1.0|131.8|0.0|0|0.0|
PISO|0|30/04/24|7592433006665|186.32|4.0|224.6|0.0|0|0.0|
PISO|0|30/04/24|7592450002923|105.12|1.0|136.66|21.8656|1|16.0|
PISO|0|30/04/24|7592479000139|376.02|6.0|453.0|0.0|0|0.0|
PISO|0|30/04/24|7592479000153|122.5|2.0|147.6|0.0|0|0.0|
PISO|0|30/04/24|7592487000701|75.0|5.0|104.2|16.672|1|16.0|
PISO|0|30/04/24|7592498000141|76.66|2.0|92.34|0.0|0|0.0|
PISO|0|30/04/24|7592498000721|155.52|6.0|172.8|0.0|0|0.0|
PISO|0|30/04/24|7592498000745|48.18|2.0|53.54|0.0|0|0.0|
PISO|0|30/04/24|7592498215217|60.44|1.0|59.97|9.5952|1|16.0|
PISO|0|30/04/24|7592498220457|693.72|18.0|809.82|0.0|0|0.0|
PISO|0|30/04/24|7592545000339|130.74|1.0|157.52|0.0|0|0.0|
PISO|0|30/04/24|7592611000034|119.72|2.0|144.24|0.0|0|0.0|
PISO|0|30/04/24|7592611000065|31.02|1.0|37.37|0.0|0|0.0|
PISO|0|30/04/24|7592611000171|34.67|1.0|44.99|0.0|0|0.0|
PISO|0|30/04/24|7592611000584|65.7|1.0|85.41|0.0|0|0.0|
PISO|0|30/04/24|7592611000683|42.34|1.0|50.99|0.0|0|0.0|
PISO|0|30/04/24|7592611000690|105.12|3.0|126.66|0.0|0|0.0|
PISO|0|30/04/24|7592632000242|51.49|1.0|66.94|10.7104|1|16.0|
PISO|0|30/04/24|7592632959243|38.18|1.0|49.57|7.9312|1|16.0|
PISO|0|30/04/24|7592686200414|306.6|3.0|383.25|0.0|0|0.0|
PISO|0|30/04/24|7592686200438|87.6|1.0|109.5|0.0|0|0.0|
PISO|0|30/04/24|7592707000917|94.16|2.0|122.42|19.5872|1|16.0|
PISO|0|30/04/24|7592707303100|46.21|1.0|60.09|9.6144|1|16.0|
PISO|0|30/04/24|7592707501100|60.61|1.0|97.76|15.6416|1|16.0|
PISO|0|30/04/24|7592708000343|23.81|1.0|30.93|4.9488|1|16.0|
PISO|0|30/04/24|7592708000411|39.56|2.0|51.4|8.224|1|16.0|
PISO|0|30/04/24|7592708000442|134.78|2.0|175.22|28.0352|1|16.0|
PISO|0|30/04/24|7592708001777|68.92|2.0|89.6|14.336|1|16.0|
PISO|0|30/04/24|7592738000030|54.76|1.0|71.19|11.3904|1|16.0|
PISO|0|30/04/24|7592763000258|146.4|2.0|190.32|30.4512|1|16.0|
PISO|0|30/04/24|7592871002205|40.32|1.0|52.41|8.3856|1|16.0|
PISO|0|30/04/24|7592976000694|239.22|6.0|284.7|0.0|0|0.0|
PISO|0|30/04/24|75930288|347.44|4.0|463.24|74.1184|1|16.0|
PISO|0|30/04/24|75930455|27.43|1.0|35.66|5.7056|1|16.0|
PISO|0|30/04/24|75930868|461.78|11.0|577.28|0.0|0|0.0|
PISO|0|30/04/24|7593239000031|68.98|1.0|89.68|0.0|0|0.0|
PISO|0|30/04/24|7593239000413|328.62|3.0|427.23|0.0|0|0.0|
PISO|0|30/04/24|7593251000262|92.86|2.0|117.56|18.8096|1|16.0|
PISO|0|30/04/24|7593251000712|67.28|2.0|87.44|13.9904|1|16.0|
PISO|0|30/04/24|7593251000880|34.42|1.0|44.73|7.1568|1|16.0|
PISO|0|30/04/24|7593251000965|68.84|2.0|89.48|14.3168|1|16.0|
PISO|0|30/04/24|7593251000989|160.62|6.0|193.5|0.0|0|0.0|
PISO|0|30/04/24|7593251001092|176.47|7.0|212.59|0.0|0|0.0|
PISO|0|30/04/24|7593251001177|27.95|1.0|33.67|0.0|0|0.0|
PISO|0|30/04/24|7593251038432|91.94|2.0|116.38|18.6208|1|16.0|
PISO|0|30/04/24|7593282000118|152.1|5.0|192.55|0.0|0|0.0|
PISO|0|30/04/24|7593282000125|60.83|1.0|77.0|0.0|0|0.0|
PISO|0|30/04/24|7593282000187|46.06|2.0|58.3|0.0|0|0.0|
PISO|0|30/04/24|7593282000194|35.04|1.0|42.22|0.0|0|0.0|
PISO|0|30/04/24|7593282000309|114.06|3.0|148.2|0.0|0|0.0|
PISO|0|30/04/24|7593282000330|351.33|7.0|423.22|0.0|0|0.0|
PISO|0|30/04/24|7593328000478|359.55|5.0|433.2|0.0|0|0.0|
PISO|0|30/04/24|7593357000326|68.6|2.0|87.02|13.9232|1|16.0|
PISO|0|30/04/24|7593357000333|101.88|1.0|132.46|21.1936|1|16.0|
PISO|0|30/04/24|7593407000610|87.25|1.0|109.06|17.4496|1|16.0|
PISO|0|30/04/24|7593407001358|123.02|1.0|153.78|24.6048|1|16.0|
PISO|0|30/04/24|7593407001396|94.07|1.0|117.59|0.0|0|0.0|
PISO|0|30/04/24|7593922000041|100.22|2.0|133.62|21.3792|1|16.0|
PISO|0|30/04/24|7593922000133|25.06|1.0|33.41|5.3456|1|16.0|
PISO|0|30/04/24|7593922000164|100.22|2.0|133.62|21.3792|1|16.0|
PISO|0|30/04/24|7593922000966|24.82|1.0|33.09|5.2944|1|16.0|
PISO|0|30/04/24|7593926000733|19.06|1.0|22.95|0.0|0|0.0|
PISO|0|30/04/24|7593926000757|19.06|1.0|22.95|0.0|0|0.0|
PISO|0|30/04/24|7593926000771|95.3|5.0|114.75|0.0|0|0.0|
PISO|0|30/04/24|7593965000015|54.75|1.0|68.44|10.9504|1|16.0|
PISO|0|30/04/24|7593965000022|83.95|1.0|109.14|17.4624|1|16.0|
PISO|0|30/04/24|7593965000268|120.46|2.0|156.6|25.056|1|16.0|
PISO|0|30/04/24|7593965000275|452.6|4.0|588.4|94.144|1|16.0|
PISO|0|30/04/24|7593965000367|146.4|2.0|190.32|30.4512|1|16.0|
PISO|0|30/04/24|7593965001142|98.55|1.0|128.12|20.4992|1|16.0|
PISO|0|30/04/24|7593965002040|73.2|1.0|95.16|15.2256|1|16.0|
PISO|0|30/04/24|7593965002057|168.36|1.0|218.88|35.0208|1|16.0|
PISO|0|30/04/24|7593965002125|73.08|2.0|94.98|15.1968|1|16.0|
PISO|0|30/04/24|7594001710363|29.32|1.0|38.12|6.0992|1|16.0|
PISO|0|30/04/24|7594004490026|54.75|1.0|65.18|0.0|0|0.0|
PISO|0|30/04/24|7594004490088|438.0|4.0|521.44|0.0|0|0.0|
PISO|0|30/04/24|7595159000351|361.35|9.0|425.16|0.0|0|0.0|
PISO|0|30/04/24|7595254000027|95.4|2.0|124.0|19.84|1|16.0|
PISO|0|30/04/24|7595461000049|50.37|1.0|59.96|0.0|0|0.0|
PISO|0|30/04/24|7595461000155|251.85|5.0|299.8|0.0|0|0.0|
PISO|0|30/04/24|7595666000417|45.46|1.0|59.09|9.4544|1|16.0|
PISO|0|30/04/24|7595666000424|45.46|1.0|59.09|9.4544|1|16.0|
PISO|0|30/04/24|7595751000018|79.18|1.0|102.94|16.4704|1|16.0|
PISO|0|30/04/24|7595751000155|18.07|1.0|25.09|4.0144|1|16.0|
PISO|0|30/04/24|7595751000179|29.83|1.0|41.44|6.6304|1|16.0|
PISO|0|30/04/24|7595751000186|54.9|3.0|76.26|12.2016|1|16.0|
PISO|0|30/04/24|7595751002388|11.37|1.0|15.79|2.5264|1|16.0|
PISO|0|30/04/24|7595751002395|22.74|2.0|31.58|5.0528|1|16.0|
PISO|0|30/04/24|7595751003170|81.82|1.0|113.64|18.1824|1|16.0|
PISO|0|30/04/24|7595751003279|72.94|1.0|94.82|15.1712|1|16.0|
PISO|0|30/04/24|7595751003286|55.84|1.0|77.54|12.4064|1|16.0|
PISO|0|30/04/24|7595751003330|42.02|1.0|54.62|8.7392|1|16.0|
PISO|0|30/04/24|7595826004293|105.72|6.0|137.46|21.9936|1|16.0|
PISO|0|30/04/24|7595826004309|35.24|2.0|45.82|7.3312|1|16.0|
PISO|0|30/04/24|7595826006761|35.24|2.0|45.82|7.3312|1|16.0|
PISO|0|30/04/24|7595826006921|52.86|3.0|68.73|10.9968|1|16.0|
PISO|0|30/04/24|7595826007737|110.61|3.0|143.79|23.0064|1|16.0|
PISO|0|30/04/24|7596211001033|142.57|1.0|185.35|29.656|1|16.0|
PISO|0|30/04/24|7596224000023|66.43|1.0|80.99|0.0|0|0.0|
PISO|0|30/04/24|7596224000054|66.43|1.0|82.99|0.0|0|0.0|
PISO|0|30/04/24|7596393000046|50.95|1.0|70.77|11.3232|1|16.0|
PISO|0|30/04/24|7596475000018|67.54|1.0|84.42|13.5072|1|16.0|
PISO|0|30/04/24|7596540000110|123.36|1.0|146.86|0.0|0|0.0|
PISO|0|30/04/24|7596540000257|189.8|4.0|225.96|0.0|0|0.0|
PISO|0|30/04/24|7596540000455|145.2|3.0|172.86|0.0|0|0.0|
PISO|0|30/04/24|7596540000547|148.08|3.0|176.28|0.0|0|0.0|
PISO|0|30/04/24|75971403|261.95|5.0|315.6|0.0|0|0.0|
PISO|0|30/04/24|75971472|24.55|1.0|32.73|5.2368|1|16.0|
PISO|0|30/04/24|75971670|211.36|8.0|282.18|45.1488|1|16.0|
PISO|0|30/04/24|75971816|303.84|8.0|375.12|0.0|0|0.0|
PISO|0|30/04/24|75971892|35.24|2.0|46.98|7.5168|1|16.0|
PISO|0|30/04/24|7597417000127|28.29|1.0|34.93|0.0|0|0.0|
PISO|0|30/04/24|7597417000288|77.46|2.0|97.98|0.0|0|0.0|
PISO|0|30/04/24|7597417000370|29.06|1.0|35.88|0.0|0|0.0|
PISO|0|30/04/24|7597417000387|28.29|1.0|34.93|0.0|0|0.0|
PISO|0|30/04/24|7597417000417|39.11|1.0|48.28|0.0|0|0.0|
PISO|0|30/04/24|7597417000424|27.77|1.0|34.28|0.0|0|0.0|
PISO|0|30/04/24|7597417000431|56.58|2.0|69.86|0.0|0|0.0|
PISO|0|30/04/24|7597417000653|34.95|1.0|43.15|0.0|0|0.0|
PISO|0|30/04/24|7597417000677|98.44|2.0|121.54|0.0|0|0.0|
PISO|0|30/04/24|7597417000691|112.47|3.0|142.38|0.0|0|0.0|
PISO|0|30/04/24|7597417000721|55.48|2.0|70.22|11.2352|1|16.0|
PISO|0|30/04/24|7597474000016|43.16|1.0|49.99|0.0|0|0.0|
PISO|0|30/04/24|7597877207036|219.08|2.0|275.58|0.0|0|0.0|
PISO|0|30/04/24|7597877207043|219.08|2.0|275.58|0.0|0|0.0|
PISO|0|30/04/24|7597957000052|42.01|1.0|54.62|0.0|0|0.0|
PISO|0|30/04/24|7597963000251|149.68|2.0|168.96|27.0336|1|16.0|
PISO|0|30/04/24|7598340000024|554.8|10.0|659.9|0.0|0|0.0|
PISO|0|30/04/24|7598340000055|715.52|4.0|851.8|0.0|0|0.0|
PISO|0|30/04/24|7598393000026|87.41|1.0|105.31|16.8496|1|16.0|
PISO|0|30/04/24|7598393000033|366.54|3.0|441.63|70.6608|1|16.0|
PISO|0|30/04/24|7598393000392|72.9|1.0|87.03|13.9248|1|16.0|
PISO|0|30/04/24|7598561571907|213.18|2.0|294.82|47.1712|1|16.0|
PISO|0|30/04/24|7598685000017|129.75|3.0|149.85|0.0|0|0.0|
PISO|0|30/04/24|7598775000040|54.75|1.0|68.44|10.9504|1|16.0|
PISO|0|30/04/24|7598805000019|91.25|1.0|108.63|0.0|0|0.0|
PISO|0|30/04/24|7598805000026|182.47|1.0|217.23|0.0|0|0.0|
PISO|0|30/04/24|7598928245397|71.94|3.0|93.54|14.9664|1|16.0|
PISO|0|30/04/24|7613039352151|114.0|1.0|158.33|25.3328|1|16.0|
PISO|0|30/04/24|7622201387297|49.2|2.0|62.28|9.9648|1|16.0|
PISO|0|30/04/24|7622201721404|12.59|1.0|16.37|2.6192|1|16.0|
PISO|0|30/04/24|7622201736132|67.86|1.0|84.83|13.5728|1|16.0|
PISO|0|30/04/24|7622201736163|60.98|1.0|76.21|12.1936|1|16.0|
PISO|0|30/04/24|7622210610652|106.23|3.0|132.78|21.2448|1|16.0|
PISO|0|30/04/24|7622210611307|140.76|4.0|176.36|28.2176|1|16.0|
PISO|0|30/04/24|7622210615190|108.78|2.0|135.98|21.7568|1|16.0|
PISO|0|30/04/24|7622300051822|38.32|2.0|49.82|7.9712|1|16.0|
PISO|0|30/04/24|7622300134044|45.82|2.0|59.56|9.5296|1|16.0|
PISO|0|30/04/24|7622300134051|22.91|1.0|29.78|4.7648|1|16.0|
PISO|0|30/04/24|769503248264|40.33|1.0|53.78|8.6048|1|16.0|
PISO|0|30/04/24|7700304153114|59.41|1.0|77.22|12.3552|1|16.0|
PISO|0|30/04/24|7700304750788|112.14|1.0|145.78|23.3248|1|16.0|
PISO|0|30/04/24|7700304963652|95.29|1.0|123.88|19.8208|1|16.0|
PISO|0|30/04/24|77019002|77.75|1.0|101.08|16.1728|1|16.0|
PISO|0|30/04/24|7702006301572|100.08|1.0|130.1|20.816|1|16.0|
PISO|0|30/04/24|7702006302074|77.32|1.0|100.52|16.0832|1|16.0|
PISO|0|30/04/24|7702006302081|28.32|1.0|36.82|5.8912|1|16.0|
PISO|0|30/04/24|7702006405669|56.62|2.0|73.6|11.776|1|16.0|
PISO|0|30/04/24|7702006405690|28.32|1.0|36.82|5.8912|1|16.0|
PISO|0|30/04/24|7702006405713|84.96|3.0|110.46|17.6736|1|16.0|
PISO|0|30/04/24|7702007043396|159.65|1.0|207.55|33.208|1|16.0|
PISO|0|30/04/24|7702007205046|101.57|1.0|132.04|21.1264|1|16.0|
PISO|0|30/04/24|7702010310010|99.68|1.0|138.45|22.152|1|16.0|
PISO|0|30/04/24|7702010381256|102.62|2.0|133.42|21.3472|1|16.0|
PISO|0|30/04/24|7702010381881|217.7|2.0|302.36|48.3776|1|16.0|
PISO|0|30/04/24|7702010382147|230.16|2.0|319.68|51.1488|1|16.0|
PISO|0|30/04/24|7702010420344|66.7|2.0|86.7|13.872|1|16.0|
PISO|0|30/04/24|7702011001764|36.94|1.0|48.03|7.6848|1|16.0|
PISO|0|30/04/24|7702011145857|63.26|1.0|82.26|13.1616|1|16.0|
PISO|0|30/04/24|7702011242570|180.18|3.0|234.21|37.4736|1|16.0|
PISO|0|30/04/24|7702018072392|77.61|1.0|103.44|16.5504|1|16.0|
PISO|0|30/04/24|7702035432117|65.34|1.0|87.12|13.9392|1|16.0|
PISO|0|30/04/24|7702098012974|14.65|1.0|19.53|3.1248|1|16.0|
PISO|0|30/04/24|7702098012981|25.4|2.0|33.86|5.4176|1|16.0|
PISO|0|30/04/24|7702098039995|112.11|3.0|149.46|23.9136|1|16.0|
PISO|0|30/04/24|7702103123794|100.42|1.0|130.55|20.888|1|16.0|
PISO|0|30/04/24|7702425113213|387.02|2.0|427.68|68.4288|1|16.0|
PISO|0|30/04/24|7702425321670|175.49|1.0|193.93|31.0288|1|16.0|
PISO|0|30/04/24|7702425801387|21.63|1.0|30.03|4.8048|1|16.0|
PISO|0|30/04/24|7702425804821|79.14|1.0|109.91|17.5856|1|16.0|
PISO|0|30/04/24|7702425809765|90.53|1.0|125.74|20.1184|1|16.0|
PISO|0|30/04/24|7702425810860|99.31|1.0|137.93|22.0688|1|16.0|
PISO|0|30/04/24|7702626214948|54.49|1.0|70.84|11.3344|1|16.0|
PISO|0|30/04/24|7707269042811|0.68|1.0|0.85|0.136|1|16.0|
PISO|0|30/04/24|7707987572089|46.09|1.0|59.91|9.5856|1|16.0|
PISO|0|30/04/24|7709867857361|487.29|3.0|609.12|0.0|0|0.0|
PISO|0|30/04/24|7709990080407|240.9|2.0|301.12|0.0|0|0.0|
PISO|0|30/04/24|7751851024006|100.79|1.0|131.04|20.9664|1|16.0|
PISO|0|30/04/24|7786|64.2225|0.15|83.493|13.35888|1|16.0|
PISO|0|30/04/24|7804300128029|146.21|1.0|176.16|28.1856|1|16.0|
PISO|0|30/04/24|7804436720272|151.86|1.0|190.42|30.4672|1|16.0|
PISO|0|30/04/24|7851|62.928|0.2|79.636|0.0|0|0.0|
PISO|0|30/04/24|7854|81.5628|0.185|106.0346|16.965536|1|16.0|
PISO|0|30/04/24|7861212401671|456.03|9.0|556.2|0.0|0|0.0|
PISO|0|30/04/24|7861212401688|253.35|5.0|309.0|49.44|1|16.0|
PISO|0|30/04/24|788115531731|115.92|2.0|150.7|24.112|1|16.0|
PISO|0|30/04/24|7891000005422|250.95|3.0|326.25|52.2|1|16.0|
PISO|0|30/04/24|7891000244746|33.03|1.0|42.93|6.8688|1|16.0|
PISO|0|30/04/24|7891010031046|155.39|1.0|202.02|32.3232|1|16.0|
PISO|0|30/04/24|7891010046859|97.49|1.0|129.99|20.7984|1|16.0|
PISO|0|30/04/24|7891024316160|181.78|2.0|252.46|40.3936|1|16.0|
PISO|0|30/04/24|7891032013457|47.82|1.0|59.78|9.5648|1|16.0|
PISO|0|30/04/24|7891097103193|154.66|2.0|195.78|0.0|0|0.0|
PISO|0|30/04/24|7891150019560|65.98|2.0|85.76|13.7216|1|16.0|
PISO|0|30/04/24|7891150034075|32.99|1.0|42.88|6.8608|1|16.0|
PISO|0|30/04/24|7896022204945|21.54|1.0|28.0|4.48|1|16.0|
PISO|0|30/04/24|7896292341098|37.04|1.0|48.16|7.7056|1|16.0|
PISO|0|30/04/24|7898943163035|149.68|2.0|170.0|27.2|1|16.0|
PISO|0|30/04/24|7943|47.74725|0.225|62.0505|9.92808|1|16.0|
PISO|0|30/04/24|80432402795|483.54|1.0|568.87|91.0192|1|16.0|
PISO|0|30/04/24|805579020141|55.13|1.0|68.91|11.0256|1|16.0|
PISO|0|30/04/24|8156|176.4|0.48|229.3296|0.0|0|0.0|
PISO|0|30/04/24|8414227051844|85.46|1.0|91.53|14.6448|1|16.0|
PISO|0|30/04/24|8523|747.8811|1.215|946.6794|151.468704|1|16.0|
PISO|0|30/04/24|8681554606416|97.13|1.0|138.75|22.2|1|16.0|
PISO|0|30/04/24|8681554606430|109.95|1.0|157.07|25.1312|1|16.0|
PISO|0|30/04/24|8693744090530|43.16|1.0|56.11|8.9776|1|16.0|
PISO|0|30/04/24|8777|225.4025|1.45|293.0305|0.0|0|0.0|
PISO|0|30/04/24|8872|149.4675|2.73|171.8808|0.0|0|0.0|
PISO|0|30/04/24|8986|123.31575|0.225|176.166|0.0|0|0.0|
PISO|0|30/04/24|9023800375216|23.12|1.0|30.06|4.8096|1|16.0|
PISO|0|30/04/24|9023800376213|24.39|1.0|31.72|5.0752|1|16.0|
PISO|0|30/04/24|9023800421609|61.27|1.0|72.09|11.5344|1|16.0|
PISO|0|30/04/24|9164|323.71625|1.375|411.125|65.78|1|16.0|
PISO|0|30/04/24|9569|564.0921|4.87|704.689|0.0|0|0.0|
PISO|0|30/04/24|9645|349.6532|1.235|437.0665|69.93064|1|16.0|
PISO|0|30/04/24|9664|44.06325|0.275|57.28525|0.0|0|0.0|
PISO|0|30/04/24|97537070019|25.96|1.0|33.74|5.3984|1|16.0|
PISO|0|30/04/24|9779|169.3698|1.14|194.7918|0.0|0|0.0|
PISO|0|30/04/24|9782|278.568|1.06|327.7308|0.0|0|0.0|
PISO|0|30/04/24|9877|274.9545|1.395|357.4548|57.192768|1|16.0|
PISO|0|30/04/24|9888|338.72|464.0|385.07|61.6112|1|16.0|
PISO|0|30/04/24|9901|188.559|0.63|245.1393|0.0|0|0.0|
PISO|0|30/04/24|991323|4259.01|51.0|4839.9|0.0|0|0.0|
PISO|0|30/04/24|991324|2171.26|13.0|2467.4|0.0|0|0.0|
PISO|0|30/04/24|99176922650|96.39|1.0|133.88|21.4208|1|16.0|
PISO|0|30/04/24|9920949|0.68|1.0|0.89|0.1424|1|16.0|
